4444444444444444444444444444444444555555555555555555666666666666666666666777789990112226333                                                                           930622211099987777666666666666666666666555555555555555555444444444444444444444444444444444
4444444444444444444444444444444455555555555555555556666666666666666666666777889999012139460 7                                                                       7 064931110999988777666666666666666666666655555555555555555554444444444444444444444444444444
44444444444444444444444444444445555555555555555555566666666666666666666677778889999001538372                                                                    8   62738351009999888777766666666666666666666655555555555555555555444444444444444444444444444444
444444444444444444444444444444455555555555555555555666666666666666666666777788899990023236495749                                                                 94759462232009999888777766666666666666666666655555555555555555555444444444444444444444444444444
4444444444444444444444444444445555555555555555555556666666666666666666677777888899990002246790566                                                               665097642200099998888777776666666666666666666655555555555555555555544444444444444444444444444444
44444444444444444444444444444555555555555555555555666666666666666666666777778888899900022347609                                                                   9067432200099988888777776666666666666666666665555555555555555555554444444444444444444444444444
444444444444444444444444444455555555555555555555556666666666666666666667777788888899000233477982                                                                 28977433200099888888777776666666666666666666665555555555555555555555444444444444444444444444444
444444444444444444444444444555555555555555555555556666666666666666666677777788888899001114658953                                                                 32985641110098888888777777666666666666666666665555555555555555555555544444444444444444444444444
444444444444444444444444444555555555555555555555566666666666666666666677777788888899911626948928                                                                 80994064611998888888777777666666666666666666666555555555555555555555544444444444444444444444444
444444444444444444444444445555555555555555555555666666666666666666666777777788888889011340331011                                                                 11013404311098888888777777766666666666666666666655555555555555555555554444444444444444444444444
4444444444444444444444444555555555555555555555556666666666666666666677777778888888899057808624                                                                     436708550998888888877777776666666666666666666655555555555555555555555444444444444444444444444
44444444444444444444444455555555555555555555555666666666666666666666677777788888888890150165530                                                                   2362610510988888888877777766666666666666666666665555555555555555555555544444444444444444444444
44444444444444444444444555555555555555555555555666666666666666666667777777788888888899912538  124                                                               520 48352109988888888877777777666666666666666666665555555555555555555555554444444444444444444444
44444444444444444444445555555555555555555555555666666666666666666666777777788888888890011223347630                                                             0367433221100988888888877777776666666666666666666665555555555555555555555555444444444444444444444
4444444444444444444445555555555555555555555555666666666666666666667777777788888888889901112324700 9                                                           2 007423211109988888888887777777766666666666666666665555555555555555555555555544444444444444444444
44444444444444444444555555555555555555555555556666666666666666666677777777788888888899900112346311                                                            01146432110099988888888877777777766666666666666666666555555555555555555555555554444444444444444444
444444444444444444445555555555555555555555555566666666666666666667777777778888888889990001133349861                                                           56895323110009998888888887777777776666666666666666666555555555555555555555555554444444444444444444
444444444444444444455555555555555555555555555666666666666666666667777777788888888889999000022830496 6                                                       6 69 07822000099998888888888777777777666666666666666666655555555555555555555555555444444444444444444
444444444444444444455555555555555555555555555666666666666666666677777777788888888889990000022446991                                                           19963422000009998888888888777777777666666666666666666655555555555555555555555555444444444444444444
444444444444444444555555555555555555555555555666666666666666667777777777788888888899999000001333443481                                                     18454433310000099999888888888777777777776666666666666666655555555555555555555555555544444444444444444
4444444444444444455555555555555555555555555566666666666666666677777777778888888888999990000112334558 1                                                     18855333211000099998888888888877777777776666666666666666665555555555555555555555555555444444444444444
444444444444444555555555555555555555555555566666666666666666677777777777788888888999999000001122538 81                                                    118 83322110000099999988888888777777777777666666666666666666555555555555555555555555555544444444444444
44444444444444555555555555555555555555555556666666666666666777777777777888888888899999000010122233188976                                                46798813222210100009999988888888887777777777776666666666666666555555555555555555555555555554444444444444
4444444444444445555555555555555555555555555666666666666666667777777777778888888899999900000111222346891845                                             547898643222111000009999988888888877777777777766666666666666666555555555555555555555555555544444444444444
44444444444445555555555555555555555555555566666666666666666777777777777888888889999990000001112223346600 7                                             710066433222111000000999999888888887777777777776666666666666666655555555555555555555555555555444444444444
444444444444555555555555555555555555555555666666666666666777777777777778888888999999900000011222233445779007                                         7 047754433222211000000999999988888887777777777777766666666666666655555555555555555555555555555544444444444
444444444445555555555555555555555555555556666666666666667777777777777788888888899999900000111222234444779763                                         3 797644443322211100000999999888888888777777777777776666666666666665555555555555555555555555555554444444444
44444444444555555555555555555555555555555666666666666667777777777777778888888999999990000111112223344576793 65                                     56 0976654433222111110000099999998888888777777777777777666666666666665555555555555555555555555555554444444444
444444444455555555555555555555555555555556666666666666777777777777777888888999999990000111112222333344666699037                                   73098676644333322211111100009999999988888877777777777777766666666666665555555555555555555555555555555444444444
444444444555555555555555555555555555555566666666666667777777777777778888888999999990001111111222334455567789014561                             19561098776554443322211111110009999999988888887777777777777776666666666666555555555555555555555555555555544444444
444444444555555555555555555555555555555666666666666677777777777777788888889999999900001111112223334455666789013476109                       90167431098766655443332221111110009999999998888888777777777777777666666666666655555555555555555555555555555544444444
4444444555555555555555555555555555555556666666666667777777777777778888889999999999000011111223334344657779910125690135                    6531094521019977756443432222111110000999999999888888877777777777777766666666666655555555555555555555555555555555444444
44444445555555555555555555555555555555566666666667777777777777777888888999999999900111111232333345558 77909016349 146704                 38 662 94372090978 8565434332321111100009999999999888887777777777777777666666666665555555555555555555555555555555544444
44444555555555555555555555555555555555666666666677777777777777777888889999999990001211122238445659067120823 748        40               14        748 3280217609564448522211121000999999999888888777777777777777766666666665555555555555555555555555555555554444
4444455555555555555555555555555555555566666666677777777777777777888889999999900011824232343067579323 351 19 3          9                 9          7 31 145 333256751343232424110009999999988888777777777777777776666666665555555555555555555555555555555554444
44445555555555555555555555555555555556666666666777777777777777788889899000000000232613433768008 203                                                      4  3 90388048674343262520000000009989888877777777777777776666666666555555555555555555555555555555555444
444455555555555555555555555555555555566666666677777777777777778888991000000001121468575402  53049    4                                                     40   94036 269447506422110000000019988887777777777777777666666666555555555555555555555555555555555444
4445555555555555555555555555555555556666666667777777777777778888890221000010111432670107368879502 8                                                             225918 64701876234111010000123098888877777777777777766666666655555555555555555555555555555555544
44455555555555555555555555555555555666666666777777777777778888989093353452111137 884 439111    8                                                                      0100443588 7311112442533909898878777777777777776666666665555555555555555555555555555555544
44555555555555555555555555555555555666666667777777777777788888999025529552223336 29579911182                                                                         2012144059246632222359255200998888877777777777777666666665555555555555555555555555555555554
45555555555555555555555555555555555666666677777777777777888889990113 31 904333672   5716338                                                                            580437   276323483 03 3110999888887877777777777766666665555555555555555555555555555555555
55555555555555555555555555555555556666666777777777778888888899990029380 95044458815   27 9                                                                             917     1885444082 0829201999988888888777777777776666666555555555555555555555555555555555
555555555555555555555555555555555566666677777777888888888899999911290220515646478747                                                                                         7 7876646505 2284211999999888888888877777777666666555555555555555555555555555555555
55555555555555555555555555555555566666667777788888888888899999902255604403 87577948                                                                                          184977578 3047065521099999988888888888877777666666655555555555555555555555555555555
55555555555555555555555555555555666666777788888888888888999999002259764  849099047053                                                                                        507 59900077 4619022009999998888888888888877776666665555555555555555555555555555555
55555555555555555555555555555555666666778888888888888899999990022 21038 67   254                                                                                                 4529 773 53091 7209999999988888888888888776666665555555555555555555555555555555
5555555555555555555555555555555666666777989989888889899999999111618 218     3889                                                                                                 981      810 616110999999998998888989989777666666555555555555555555555555555555
555555555555555555555555555555666666778897199999890999999090011125599 70     20                                                                                                   824    59 99753111009099099909899999179887766666655555555555555555555555555555
55555555555555555555555555555566666677880 2290001150000000000011245743      2                                                                                                     4       03975421101000000000510000022 0887766666655555555555555555555555555555
55555555555555555555555555555666666777892401110231410000000011122344  4                                                                                                                   9 64433211100000000141820111042987776666665555555555555555555555555555
55555555555555555555555555555666667778802133111406711111000111222445229                                                                                                                   7225442221110001111186041113311088777666665555555555555555555555555555
5555555555555555555555555555666666677888236253538813221121112222245571 26                                                                                                               026065544222211111123318833352634888776666666555555555555555555555555555
5555555555555555555555555556666667777889026875569 63222322122223475975888                                                                                                               88857957422222122322236  63578220988777766666655555555555555555555555555
555555555555555555555555555666667777888901256682490433454043333459099  4                                                                                                                 4  99 96433234045433419428662210988877776666655555555555555555555555555
555555555555555555555555556666666777889902263 2 1075561478534444848  3                                                                                                                     3 05483444348751655701 2 06320998877776666665555555555555555555555555
5555555555555555555555555666666777778899026107339995781 4386445834 1 1                                                                                                                     101  545446833 187599533900620998877777666666555555555555555555555555
555555555555555555555555566666667777889993016934116 22964507556785                                                                                                                            858665570506902 61044961031998877776666666655555555555555555555555
555555555555555555555556666666777777889902461555 32796077 316977961                                                                                                                           16 779873 7706 723 32586420998877777766666665555555555555555555555
555555555555555555555556666666777777889902449223228 218   3 1999 1                                                                                                                            0  9991 3   850 22233292420998877777766666665555555555555555555555
555555555555555555555566666667777777889002010 902           99143                                                                                                                               8419            709 01029098877777776666666555555555555555555555
555555555555555555555666666666777777883376330785201          1240                                                                                                                                42           90 58703368338877777766666666655555555555555555555
555555555555555555555666666677777777883712666580144          3 7                                                                                                                                 756           5108566621738877777777666666655555555555555555555
555555555555555555566666666677777777890307354459830           2                                                                                                                                   2           03895445377309877777777666666666555555555555555555
555555555555555555566666666677777777880103323457128                                                                                                                                               6           92075432338108877777777666666666555555555555555555
55555555555555555566666666677777777788900 222356014                                                                                                                                                           45085322210998887777777766666666665555555555555555
555555555555555556666666667777777777889990112354 81                                                                                                                                                            8545321109998877777777776666666665555555555555555
5555555555555555666666666677777777788899900122524127                                                                                                                                                          51425221009998887777777776666666666555555555555555
555555555555555666666666667777777778889990011341  52                                                                                                                                                         46  14311009998887777777776666666666655555555555555
5555555555555566666666666777777777788899900011260312 0    9                                                                                                                                           1    5 293562110009998887777777777666666666665555555555555
5555555555556666666666666777777777888899990001235665631 2                                                                                                                                                 683776432100099998888777777777666666666666655555555555
555555555555666666666666777777777788889999001122365796 599                                                                                                                                             905769756322110099998888777777777766666666666655555555555
5555555555566666666666667777777777888889990001223456701                                                                                                                                                   107654322100099988888777777777766666666666665555555555
55555555566666666666666777777777788888999000122334578814                                                                                                                                                 4080754332210009998888887777777776666666666666655555555
555555555666666666666667777777778888889990001123446 05                                                                                                                                                    051 54332110009998888887777777776666666666666655555555
55555566666666666666666777777777888888990011112344 5232                                                                                                                                                    39574432111100998888887777777776666666666666666555555
55555556666666666666667777777778888888990101144355 4                                                                                                                                                         5 5534411010998888888777777777666666666666666555555
5555666666666666666667777777777888888899021149295773                                                                                                                                                         477694941120998888888777777777766666666666666666555
55556666666666666666777777777888888888990744738872912                                                                                                                                                       119268 574471998888888887777777776666666666666666555
55666666666666666666777777778888888889901861  1033142                                                                                                                                                       2413301  1681099888888888777777776666666666666666665
566666666666666666677777777788888888990117039270805 7                                                                                                                                                       7 6  07293071109888888888777777776666666666666666666
666666666666666666677777778888888888990012451086                                                                                                                                                             4  598070421009988888888887777777666666666666666666
66666666666666666677777777888888888899002328053                                                                                                                                                                    501132009988888888887777777766666666666666666
66666666666666666777777788888888888999002252 25                                                                                                                                                                    2 2522009998888888888877777776666666666666666
66666666666666667777777878888888899990001458314                                                                                                                                                                   6128541000999988888888787777777666666666666666
66666666666666666777778888888889999990001235016                                                                                                                                                                   9005321000999999888888888777777666666666666666
66666666666666667777778888888888999990001224567366                                                                                                                                                             6637654221000999998888888888777777666666666666666
66666666666666777777888888998999999900011234578 0                                                                                                                                                               4 8754321100099999998998888887777776666666666666
666666666666677777788888999999999900001112245703                                                                                                                                                                 30754221100000999999999988888777777666666666666
666666666666777777888999999999999900011112359  2                                                                                                                                                                628495321111000999999999999988877777766666666666
66666666666777788889 909999999999000011112111601                                                                                                                                                                81 6753211110000099999999909 9888877776666666666
66666666677777778991902009999900001011112356                                                                                                                                                                         6532111100000099999002091998777777766666666
6666666667777888993471110000001001111111345561                                                                                                                                                                     135543111111100109000011174399888777766666666
666666777777788890138461111111122222112234578683                                                                                                                                                                 38486543221122223011111116583109888777777766666
66767777778888999164 43221114312822222223446035                                                                                                                                                                   5306443222222282234111223464319998888777777676
77777777778888990226254222239430943232234447939                                                                                                                                                                   9397443322323480341322224556220998888777777777
7777777878888801024475543345 7436543334444643                                                                                                                                                                      1 444444333457347 543344574420108888878777777
777777788888889024358678534569727756983455582                                                                                                                                                                       08655447566772596563588685542008888888877777
77777788888890061073853 8846005594369465566752                                                                                                                                                                     2476655647644955006483 2503704600988888877777
77788888888890023 013298 233227589200313877745                                                                                                                                                                     577778313202935102362 882900 4200988888888877
7778888888880003368987200 32236   2 1  288916                                                                                                                                                                       6198821 1 1   23 27 502789863300088888888877
888888888899900113367225           0  5492908 0                                                                                                                                                                   7 9092944  7           51276332100999888888888
888888889999000123359016               312103                                                                                                                                                                       2012 31              61095332100099998888888
888999999999010122456 97                  3314                                                                                                                                                                     4933                  73 55422101099999999988
9999999999990112225889247                 945                                                                                                                                                                       549                 944988522211099999999989
999999999990112234400064                   80                                                                                                                                                                       18                   44020443221109999999999
09999999900114144474083                    94                                                                                                                                                                       82                    9804744414110099999999
000000090112255556704                       6                                                                                                                                                                                               40665555321109000000
100000000112472619593                       5                                                                                                                                                                                               39597627421100000000
21001101113 71788131  4                                                                                                                                                                                                                   4 711118717 3111011001
221131111134780615 75                                                                                                                                                                                                                       57150608743111111112
653232222245617108                                                                                                                                                                                                                          0  80171654222223235
24854323223499185                                                                                                                                                                                                                                899943223334584
401636443576635                                                                                                                                                                                                                                   53467534457690
2509765760283  7                                                                                                                                                                                                                                67  683067567995
1246101392695561                                                                                                                                                                                                                                 1 5595263501642
01237896 1 51440                                                                                                                                                                                                                                 05415 1 6987321
0123576569599 5  9  65                                                                                                                                                                                                                     57  97 2 197965676321
0124094343858717 13919                                                                                                                                                                                                                     91131 727855343490421
013005422234582 444318                       9                                                                                                                                                                     9                      2813244 18543232450031
234874321223660119 60 11                   73                                                                                                                                                                        0                   1   6991106632212247843
57385211211270895457178                    09                                                                                                                                                                       90                    5717545980821111125837
14163111111123467446746                  7 575                                                                                                                                                                     575 7                   426448643211111113614
25 52100111001143345972211              9 5255                                                                                                                                                                     5526                13277053334110011100125 5
16011000000000011222461945             4 3005                                                                                                                                                                       601354             54916422211000000000011 6
21620009900900011112345788          0   88802                                                                                                                                                                        0883   8          8675432111100090099000261
44 1999999999901112245469 1  8 2  178 71878915                                                                                                                                                                     51987897 87   2 8  6 4645422111099999999991 4
410988888999999001224574163 65619  91 586567                                                                                                                                                                        8765655 09  31656  6147542210099999988888901
2098888888889999002279191 64680242779454556780                                                                                                                                                                     08765546497624288646 091972200999988888888890
 9888888888889990128696848845584083433344467922                                                                                                                                                                    217644443543824855388486968210999888888888889
8887888888888899011606719434336266543323334720                                                                                                                                                                     967433322345662633434917606110998888888888788
7777777788888889022983571523225943322222335835                                                                                                                                                                     598633222223359522325175389220988888877777777
777777777778888892043170542211142321112223347904                                                                                                                                                                 41964332221112324211224507134029888887777777777
777777777777778834930115831101000111111122347123                                                                                                                                                                 52074322111111100010113852103948887777777777777
6677777777777788990000028400000090000112234090 7                                                                                                                                                                 7 090432211000090000004820000099887777777777776
6666667777777777888999900990999990000011256403                                                                                                                                                                    3344552110000099999099009999888777777777766666
6666666667777777778888888989999999990000118843                                                                                                                                                                     318211000099999999989888888877777777766666666
5666666666777777777777888888899999999900123028  4                                                                                                                                                               354800320009999999898888888777777777777666666666
5566666666666667777777888888888999999000113529004                                                                                                                                                                00955210000099998888888888777777766666666666665
5555666666666666666777788888888899999900002230925                                                                                                                                                              8028032200009999988888888887777666666666666666555
555556666666666666777777788888888999990001233470 1                                                                                                                                                             1406433210009999988888887777777766666666666665555
55555566666666666666777777788888888999000122346 06                                                                                                                                                             61 5432110009998888888877777766666666666666655555
55555566666666666666666777778888888999000112440 25                                                                                                                                                             52 4442110009998888888777776666666666666666655555
55555556666666666666666777777778888899901130695                                                                                                                                                                  24960311099988888777777776666666666666666555555
55555555666666666666666677777778888889901236 07                                                                                                                                                                   0026321099888888777777766666666666666665555555
555555555666666666666666667777778888899124473183                                                                                                                                                                 38147442199888887777776666666666666666655555555
55555555555666666666666666677777778889993470375                                                                                                                                                             9     1790743999888777777766666666666666665555555555
55555555555666666666666666677777788888891997909 82  91                                                                                                                                                     19 923 2007992988888877777766666666666666665555555555
55555555555666666666666666667777777888990128031369 290                                                                                                                                                     09229739308310998887777777666666666666666665555555555
5555555555555666666666666666677777778888903969 89807001                                                                                                                                                   100708780989309888877777776666666666666666555555555555
5555555555555666666666666666677777777888900874 98056920                                                                                                                                                   92965089 478009888777777776666666666666666555555555555
5555555555555556666666666666667777777788999024533348 0                                                                                                                                                     0 843335420999887777777766666666666666655555555555555
555555555555556666666666666666677777778889900111233527                                                                                                                                                  3 872533211100998887777777666666666666666665555555555555
555555555555555566666666666666777777777889999001122232 1                                                                                                                                                81 28922110099998877777777766666666666666555555555555555
555555555555555556666666666666677777777888999000012345612                                                                                                                                               61534321000099988877777777666666666666665555555555555555
55555555555555555566666666666666777777778899990001124547 4                                                                                                                                            54 6454211000999988777777776666666666666655555555555555555
5555555555555555566666666666666777777777788999000112344640 0                                                                                                                                         0 046443211000999887777777777666666666666665555555555555555
555555555555555555666666666666667777777788889990011234556933                                                                                                                                        031965542211009998888777777776666666666666655555555555555555
555555555555555555556666666666666777777778899990011234669145                                                                                                                                         51196643211009998887777777766666666666665555555555555555555
555555555555555555556666666666667777777778889990011335375 200                                                                                                                                       903 77753311009998887777777766666666666665555555555555555555
55555555555555555555666666666666677777778888999022242823                                                                                                                                                 3286422209998888777777766666666666665555555555555555555
55555555555555555555556666666666667777777888899118346872                                                                                                                                                 2 86458119988887777777666666666666555555555555555555555
5555555555555555555555666666666667777777788889903248788                                                                         5                                                                         880832309988887777777766666666666555555555555555555555
555555555555555555555566666666666677777778888990252883            2                                                             4                                                             5            3 825209988887777777666666666666555555555555555555555
55555555555555555555555566666666667777777888890124793404          6                                                             0                                                             6          4043944210988887777777666666666655555555555555555555555
4555555555555555555555556666666666777777888889903 3707            2                                                            878                                                            2            7074 109988888777777666666666655555555555555555555555
445555555555555555555555666666666677777788889901242197            034                                                         2555                                                          43             79124210998888777777666666666655555555555555555555554
44555555555555555555555555666666667777778888990010066154           199                                                         4448                                                        9312          4017690100998888777777666666665555555555555555555555554
44445555555555555555555556666666666777788889990012367135        6 698077 7                                                   2633362                                                   7 720896          5317632100999888877776666666666555555555555555555555444
4444455555555555555555555556666666777788888990011239  7           96762  5                                                  143222344                                                  50 56669           7 1932110099888887777666666655555555555555555555554444
4444455555555555555555555556666666677788889990011224924         93955675 165                                                522111227                                                5 175 65583          421422110099988887776666666655555555555555555555554444
4444444555555555555555555555666666667788899900012229636   943 54 74434559    3                                            9221111111229                                            3  5 0544344794  248   636922210009998887766666666555555555555555555555444444
4444444455555555555555555555566666677788999000122235524  96 08 19243234569    9                                         02931000000013920                                              06543234221 80 69  425532221000999887776666665555555555555555555554444444
44444444455555555555555555555666666677019000149433462 4 5418624084222233 3 0712  1                                      93210000000001239                                      1  2170 3 3322224992288155   2643446410009107766666665555555555555555555544444444
44444444445555555555555555555566666677011118234551679  2 4559816321111242349757 01                                   4 9611009999999001189 4                                   10 75 963242111121618655412  9761553328111107766666655555555555555555555444444444
444444444445555555555555555555566666773033408191534 46060432 90321000102286634568834                                0863000999999999990003688                                43886543368320100012319 23406064 43619180433037766666555555555555555555554444444444
44444444444445555555555555555555666667891866332881826996732234541000000113323345907     3                      81868854100999999999999900145 86819                      0      095433233110000002444322376996281988336681987666665555555555555555555444444444444
444444444444445555555555555555555666677902121112225395344311121000099090001123367        4400        8   9738  48680911099998888888899999013308785  1 05   1        1044        86332110009009000012111344459152221112120977666655555555555555555554444444444444
4444444444444445555555555555555556666678800909000246548841100999999999999001113613      66889  2 7    6503390 484496810998888888888888889901869448 9383453     2 2 598965      1 6311100999999999999001148845642000909008876666655555555555555555544444444444444
444444444444444445555555555555555556666788888999018623339209999888888889990011390        8650219797    376357 7202300999888888888888888889990032020 656673    7969027568        09311009998888888899990293332681099988888766665555555555555555554444444444444444
444444444444444445555555555555555556666777778889923022248109998888888889999001230818     645423550    97634468081109998888888888888888888889990118086433679    055324546     80803210099998888888889990184222032998887777766665555555555555555554444444444444444
444444444444444444455555555555555555666667777888012310116098888888888888999900236936 17356332323450    432235828109988888887877777778788888889908808532234 8 805532323366371 63973200999988888888888889021001321988877776666655555555555555555444444444444444444
44444444444444444444455555555555555555667677777802929990988777777788888889990013365  090602111123463 7952111781099888888777777777777777778888889901871112527 363321111202094  1633100999988888877777778890999292087777766665555555555555555544444444444444444444
4444444444444444444444555555555555555556667677778998888887777777777788888999001245398525610100112348119410009099888877777777777777777777777778888990900014812843211001016524893542100999888887777777777788888899877776766655555555555555555444444444444444444444
4444444444444444444444445555555555555555666666777777777777777777777778888899012377625191210000012395390499999888888777777777777777777777777777788888999994393553210090012591526773210998888877777777777777777777777666666555555555555555544444444444444444444444
4444444444444444444444445555555555555555666666666676777777777777777777788880112923473401109999917496402098988887777777777777777777777777777777777788889800204694719999908104773  9211088887777777777777777777676666666665555555555555555444444444444444444444444
44444444444444444444444444555555555555555566666666666667777777777777777788892248 11992231999999933630249988888777777777777777777777777777777777777788888994203633999999913829981 8422988877777777777777777666666666666655555555555555554444444444444444444444444
4444444444444444444444444444555555555555555566666666666666666677777777777889437662466094998888999001988888877777777777777777777777777777777777777777778888889100998888899490663266754988777777777776666666666666666665555555555555555444444444444444444444444444
4444444444444444444444444444445555555555555556666666666666666666767777777789909810234109888888888888888887777777777776666666666666666666666677777777777788888888888888888901432018509887777777666666666666666666666655555555555555544444444444444444444444444444
4444444444444444444444444444444555555555555555666666666666666666666666777777981099049998888877777777777777777776666666666666666666666666666666666677777777777777777778888899240990089777777666666666666666666666666555555555555555444444444444444444444444444444
4444444444444444444444444444444445555555555555556666666666666666666666667777788888998887777777777777777777666666666666666666666666666666666666666666666777777777777777777788899888887777766666666666666666666666655555555555555544444444444444444444444444444444
4444444444444444444444444444444444455555555555555556666666666666666666666677777787777777777777777777776666666666666666666666666666666666666666666666666666677777777777777777777787777776666666666666666666666655555555555555554444444444444444444444444444444444
3444444444444444444444444444444444444555555555555555666666666666666666666666667777777777777777777766666666666666666666666666666666666666666666666666666666666667777777777777777777766666666666666666666666666555555555555555444444444444444444444444444444444444
3444444444444444444444444444444444444445555555555555555666666666666666666666666666666776777766666666666666666666666666666666666666666666666666666666666666666666666667777676666666666666666666666666666665555555555555555444444444444444444444444444444444444443
3344444444444444444444444444444444444444455555555555555555566666666666666666666666666666666666666666666666666666666666666666666666666666666666666666666666666666666666666666666666666666666666666666665555555555555555554444444444444444444444444444444444444443
3334444444444444444444444444444444444444445555555555555555555565666666666666666666666666666666666666666666666666666666666666666666666666666666666666666666666666666666666666666666666666666666666565555555555555555555544444444444444444444444444444444444444433
3334444444444444444444444444444444444444444445555555555555555555555666666666666666666666666666666666666666666666666666666666666666666666666666666666666666666666666666666666666666666666666666555555555555555555555544444444444444444444444444444444444444444433
3333344444444444444444444444444444444444444444455555555555555555555555555555556666666666666666666666666666666666666666666666666666666666666666666666666666666666666666666666666666655555555555555555555555555555554444444444444444444444444444444444444444443333
3333344444444444444444444444444444444444444444444555555555555555555555555555555555555555555555555555555555555555555555555555555555555555555555555555555555555555555555555555555555555555555555555555555555555555444444444444444444444444444444444444444444443333
3333333444444444444444444444444444444444444444444445555555555555555555555555555555555555555555555555555555555555555555555555555555555555555555555555555555555555555555555555555555555555555555555555555555555544444444444444444444444444444444444444444444333333
3333333444444444444444444444444444444444444444444444445555555555555555555555555555555555555555555555555555555555555555555555555555555555555555555555555555555555555555555555555555555555555555555555555555544444444444444444444444444444444444444444444444333333
3333333344444444444444444444444444444444444444444444444455555555555555555555555555555555555555555555555555555555555555555555555555555555555555555555555555555555555555555555555555555555555555555555555544444444444444444444444444444444444444444444444433333333
3333333334444444444444444444444444444444444444444444444444455555555555555555555555555555555555555555555555555555555555555555555555555555555555555555555555555555555555555555555555555555555555555555554444444444444444444444444444444444444444444444444433333333
3333333333444444444444444444444444444444444444444444444444445555555555555555555555555555555555555555555555555555555555555555555555555555555555555555555555555555555555555555555555555555555555555555544444444444444444444444444444444444444444444444444333333333
3333333333344444444444444444444444444444444444444444444444444444555555555555555555555555555555555555555555555555555555555555555555555555555555555555555555555555555555555555555555555555555555555444444444444444444444444444444444444444444444444444443333333333
3333333333344444444444444444444444444444444444444444444444444444454555555555555555555555555555555555555555555555555555555555555555555555555555555555555555555555555555555555555555555555555555454444444444444444444444444444444444444444444444444444443333333333
3333333333333444444444444444444444444444444444444444444444444444444445555555555555555555555555555555555555555555555555555555555555555555555555555555555555555555555555555555555555555555555544444444444444444444444444444444444444444444444444444444333333333333
3333333333333344444444444444444444444444444444444444444444444444444444445555555555555555555555555555555555555555555555555555555555555555555555555555555555555555555555555555555555555555544444444444444444444444444444444444444444444444444444444443333333333333
3333333333333344444444444444444444444444444444444444444444444444444444444454555555555555555555555555555555555555555555555555555555555555555555555555555555555555555555555555555555555454444444444444444444444444444444444444444444444444444444444443333333333333
3333333333333333444444444444444444444444444444444444444444444444444444444444445555555555555555555555555555555555555555555555555555555555555555555555555555555555555555555555555555544444444444444444444444444444444444444444444444444444444444444333333333333333
3333333333333333344444444444444444444444444444444444444444444444444444444444444444555555555555555555555555555555555555555555555555555555555555555555555555555555555555555555555444444444444444444444444444444444444444444444444444444444444444443333333333333333
3333333333333333334444444444444444444444444444444444444444444444444444444444444444444445555555555555555555555555555555555555555555555555555555555555555555555555555555555544444444444444444444444444444444444444444444444444444444444444444444433333333333333333
3333333333333333334444444444444444444444444444444444444444444444444444444444444444444444444555555555555555555555555555555555555555555555555555555555555555555555555555444444444444444444444444444444444444444444444444444444444444444444444444433333333333333333
3333333333333333333344444444444444444444444444444444444444444444444444444444444444444444444444555555555555555555555555555555555555555555555555555555555555555555555444444444444444444444444444444444444444444444444444444444444444444444444443333333333333333333
3333333333333333333334444444444444444444444444444444444444444444444444444444444444444444444444444445455555555555555555555555555555555555555555555555555555554544444444444444444444444444444444444444444444444444444444444444444444444444444433333333333333333333
3333333333333333333333444444444444444444444444444444444444444444444444444444444444444444444444444444444444445555555555555555555555555555555555555555544444444444444444444444444444444444444444444444444444444444444444444444444444444444444333333333333333333333
3333333333333333333333344444444444444444444444444444444444444444444444444444444444444444444444444444444444444444444445555455555555555554555544444444444444444444444444444444444444444444444444444444444444444444444444444444444444444444443333333333333333333333
3333333333333333333333334444444444444444444444444444444444444444444444444444444444444444444444444444444444444444444444444444444444444444444444444444444444444444444444444444444444444444444444444444444444444444444444444444444444444444333333333333333333333333
3333333333333333333333333344444444444444444444444444444444444444444444444444444444444444444444444444444444444444444444444444444444444444444444444444444444444444444444444444444444444444444444444444444444444444444444444444444444444443333333333333333333333333
3333333333333333333333333334444444444444444444444444444444444444444444444444444444444444444444444444444444444444444444444444444444444444444444444444444444444444444444444444444444444444444444444444444444444444444444444444444444444433333333333333333333333333
3333333333333333333333333333444444444444444444444444444444444444444444444444444444444444444444444444444444444444444444444444444444444444444444444444444444444444444444444444444444444444444444444444444444444444444444444444444444444333333333333333333333333333
3333333333333333333333333333344444444444444444444444444444444444444444444444444444444444444444444444444444444444444444444444444444444444444444444444444444444444444444444444444444444444444444444444444444444444444444444444444444443333333333333333333333333333
3333333333333333333333333333334444444444444444444444444444444444444444444444444444444444444444444444444444444444444444444444444444444444444444444444444444444444444444444444444444444444444444444444444444444444444444444444444444433333333333333333333333333333
3333333333333333333333333333333444444444444444444444444444444444444444444444444444444444444444444444444444444444444444444444444444444444444444444444444444444444444444444444444444444444444444444444444444444444444444444444444444333333333333333333333333333333
3333333333333333333333333333333334444444444444444444444444444444444444444444444444444444444444444444444444444444444444444444444444444444444444444444444444444444444444444444444444444444444444444444444444444444444444444444444433333333333333333333333333333333
3333333333333333333333333333333333444444444444444444444444444444444444444444444444444444444444444444444444444444444444444444444444444444444444444444444444444444444444444444444444444444444444444444444444444444444444444444443333333333333333333333333333333333
3333333333333333333333333333333333344444444444444444444444444444444444444444444444444444444444444444444444444444444444444444444444444444444444444444444444444444444444444444444444444444444444444444444444444444444444444444443333333333333333333333333333333333
3333333333333333333333333333333333334444444444444444444444444444444444444444444444444444444444444444444444444444444444444444444444444444444444444444444444444444444444444444444444444444444444444444444444444444444444444444433333333333333333333333333333333333
3333333333333333333333333333333333333334444444444444444444444444444444444444444444444444444444444444444444444444444444444444444444444444444444444444444444444444444444444444444444444444444444444444444444444444444444444433333333333333333333333333333333333333
3333333333333333333333333333333333333333444444444444444444444444444444444444444444444444444444444444444444444444444444444444444444444444444444444444444444444444444444444444444444444444444444444444444444444444444444444333333333333333333333333333333333333333
3333333333333333333333333333333333333333334444444444444444444444444444444444444444444444444444444444444444444444444444444444444444444444444444444444444444444444444444444444444444444444444444444444444444444444444444433333333333333333333333333333333333333333
3333333333333333333333333333333333333333333444444444444444444444444444444444444444444444444444444444444444444444444444444444444444444444444444444444444444444444444444444444444444444444444444444444444444444444444444333333333333333333333333333333333333333333
3333333333333333333333333333333333333333333334444444444444444444444444444444444444444444444444444444444444444444444444444444444444444444444444444444444444444444444444444444444444444444444444444444444444444444444433333333333333333333333333333333333333333333
3333333333333333333333333333333333333333333334444444444444444444444444444444444444444444444444444444444444444444444444444444444444444444444444444444444444444444444444444444444444444444444444444444444444444444444433333333333333333333333333333333333333333333
3333333333333333333333333333333333333333333333344444444444444444444444444444444444444444444444444444444444444444444444444444444444444444444444444444444444444444444444444444444444444444444444444444444444444444443333333333333333333333333333333333333333333333
3333333333333333333333333333333333333333333333333444444444444444444444444444444444444444444444444444444444444444444444444444444444444444444444444444444444444444444444444444444444444444444444444444444444444444333333333333333333333333333333333333333333333333
3333333333333333333333333333333333333333333333333344444444444444444444444444444444444444444444444444444444444444444444444444444444444444444444444444444444444444444444444444444444444444444444444444444444444443333333333333333333333333333333333333333333333333
3333333333333333333333333333333333333333333333333333444444444444444444444444444444444444444444444444444444444444444444444444444444444444444444444444444444444444444444444444444444444444444444444444444444444333333333333333333333333333333333333333333333333333
3333333333333333333333333333333333333333333333333333334444444444444444444444444444444444444444444444444444444444444444444444444444444444444444444444444444444444444444444444444444444444444444444444444444433333333333333333333333333333333333333333333333333333
3333333333333333333333333333333333333333333333333333333344444444444444444444444444444444444444444444444444444444444444444444444444444444444444444444444444444444444444444444444444444444444444444444444443333333333333333333333333333333333333333333333333333333
3333333333333333333333333333333333333333333333333333333333444444444444444444444444444444444444444444444444444444444444444444444444444444444444444444444444444444444444444444444444444444444444444444444333333333333333333333333333333333333333333333333333333333
3333333333333333333333333333333333333333333333333333333333334444444444444444444444444444444444444444444444444444444444444444444444444444444444444444444444444444444444444444444444444444444444444444333333333333333333333333333333333333333333333333333333333333
3333333333333333333333333333333333333333333333333333333333333344444444444444444444444444444444444444444444444444444444444444444444444444444444444444444444444444444444444444444444444444444444444443333333333333333333333333333333333333333333333333333333333333
3333333333333333333333333333333333333333333333333333333333333333344444444444444444444444444444444444444444444444444444444444444444444444444444444444444444444444444444444444444444444444444444443333333333333333333333333333333333333333333333333333333333333333
3333333333333333333333333333333333333333333333333333333333333333333444444444444444444444444444444444444444444444444444444444444444444444444444444444444444444444444444444444444444444444444444333333333333333333333333333333333333333333333333333333333333333333
3333333333333333333333333333333333333333333333333333333333333333333334444444444444444444444444444444444444444444444444444444444444444444444444444444444444444444444444444444444444444444444433333333333333333333333333333333333333333333333333333333333333333333
3333333333333333333333333333333333333333333333333333333333333333333333334444444444444444444444444444444444444444444444444444444444444444444444444444444444444444444444444444444444444444433333333333333333333333333333333333333333333333333333333333333333333333
3333333333333333333333333333333333333333333333333333333333333333333333333344444444444444444444444444444444444444444444444444444444444444444444444444444444444444444444444444444444444443333333333333333333333333333333333333333333333333333333333333333333333333
3333333333333333333333333333333333333333333333333333333333333333333333333333344444444444444444444444444444444444444444444444444444444444444444444444444444444444444444444444444444443333333333333333333333333333333333333333333333333333333333333333333333333333
3333333333333333333333333333333333333333333333333333333333333333333333333333333344444444444444444444444444444444444444444444444444444444444444444444444444444444444444444444444443333333333333333333333333333333333333333333333333333333333333333333333333333333
3333333333333333333333333333333333333333333333333333333333333333333333333333333333444444444444444444444444444444444444444444444444444444444444444444444444444444444444444444444333333333333333333333333333333333333333333333333333333333333333333333333333333333
3333333333333333333333333333333333333333333333333333333333333333333333333333333333333344444444444444444444444444444444444444444444444444444444444444444444444444444444444443333333333333333333333333333333333333333333333333333333333333333333333333333333333333
3333333333333333333333333333333333333333333333333333333333333333333333333333333333333333444444444444444444444444444444444444444444444444444444444444444444444444444444444333333333333333333333333333333333333333333333333333333333333333333333333333333333333333
3333333333333333333333333333333333333333333333333333333333333333333333333333333333333333333334444444444444444444444444444444444444444444444444444444444444444444444433333333333333333333333333333333333333333333333333333333333333333333333333333333333333333333
3333333333333333333333333333333333333333333333333333333333333333333333333333333333333333333333333444444444444444444444444444444444444444444444444444444444444444333333333333333333333333333333333333333333333333333333333333333333333333333333333333333333333333
3333333333333333333333333333333333333333333333333333333333333333333333333333333333333333333333333333333344444444444444444444444444444444444444444444444443333333333333333333333333333333333333333333333333333333333333333333333333333333333333333333333333333333
3333333333333333333333333333333333333333333333333333333333333333333333333333333333333333333333333333333333333343444444444444444444444444444444444343333333333333333333333333333333333333333333333333333333333333333333333333333333333333333333333333333333333333
